Map,0,
Player,@,10,10,8,29,10,10,10,10,93,0,0,10,0,0,0,0,Inventory,1,2,3,4,5,0,0,0,
Npc,N,20,0,1,18,10,10,1,0,
Npc, ,0,0,0,0,0,0,0,0,
Npc, ,0,0,0,0,0,0,0,0,
Npc,N,23,0,5,7,10,10,1,0,
Npc, ,0,0,0,0,0,0,0,0,
Npc, ,0,0,0,0,0,0,0,0,
Npc,N,26,0,7,11,10,10,1,0,
Npc, ,0,0,0,0,0,0,0,0,
Npc, ,0,0,0,0,0,0,0,0,
Npc,N,29,0,1,29,10,10,1,0,
Monster, ,0,0,0,0,0,0,0,0,
Monster, ,0,0,0,0,0,0,0,0,
Monster, ,0,0,0,0,0,0,0,0,
Monster, ,0,0,0,0,0,0,0,0,
Monster, ,0,0,0,0,0,0,0,0,
Monster, ,0,0,0,0,0,0,0,0,
Monster, ,0,0,0,0,0,0,0,0,
Monster, ,0,0,0,0,0,0,0,0,
Monster, ,0,0,0,0,0,0,0,0,
Monster, ,0,0,0,0,0,0,0,0,

