Map,0,
Player,@,10,0,12,20,10,10,10,10,100,0,0,10,0,0,0,0,Inventory,1,2,3,4,5,0,0,0,
Npc,N,20,0,10,16,10,10,1,0,
Npc, ,0,0,0,0,0,0,0,0,
Npc, ,0,0,0,0,0,0,0,0,
Npc,N,23,0,7,16,10,10,1,0,
Npc, ,0,0,0,0,0,0,0,0,
Npc, ,0,0,0,0,0,0,0,0,
Npc,N,26,0,11,20,10,10,1,0,
Npc, ,0,0,0,0,0,0,0,0,
Npc, ,0,0,0,0,0,0,0,0,
Npc,N,29,0,10,12,10,10,1,0,
Monster, ,0,0,0,0,0,0,0,0,
Monster, ,0,0,0,0,0,0,0,0,
Monster, ,0,0,0,0,0,0,0,0,
Monster, ,0,0,0,0,0,0,0,0,
Monster, ,0,0,0,0,0,0,0,0,
Monster, ,0,0,0,0,0,0,0,0,
Monster, ,0,0,0,0,0,0,0,0,
Monster, ,0,0,0,0,0,0,0,0,
Monster, ,0,0,0,0,0,0,0,0,
Monster, ,0,0,0,0,0,0,0,0,

